# A股小盘 Execution / Liquidity Guard v1

本报告只测试硬规则，不把规则解释成 alpha。目标是看 baseline gross engine 在成交、状态、卖出失败约束后，还剩多少可用收益。

## 研究问题

- 被 veto 的 baseline 名单是否本身风险更差？
- hard guard 是否降低 `sell fail`、`forced-state PnL`、`2016-2018` 回撤和 ex-2008 回撤？
- 如果收益下降，下降是不是换来了足够明确的风险改善？

## Baseline 参照

- 年化：`30.72%`
- 30bps 年化：`27.27%`
- 最大回撤：`-66.97%`
- ex-2008 最大回撤：`-56.75%`
- 2016-2018 年化 / MDD：`-15.78%` / `-56.75%`
- 卖出失败率：`11.83%`
- forced-state PnL：`-0.1271`

## 图表

- nav: `figures\execution_liquidity_guard_v1_nav.png`
- drawdown: `figures\execution_liquidity_guard_v1_drawdown.png`
- ann_return: `figures\guard_v1_ann_return.png`
- max_drawdown: `figures\guard_v1_max_drawdown.png`
- mdd_2016_2018: `figures\guard_v1_2016_2018_mdd.png`
- sell_fail_rate: `figures\guard_v1_sell_fail_rate.png`
- forced_state_pnl: `figures\guard_v1_forced_state_pnl.png`
- removed_pct: `figures\guard_v1_removed_pct.png`
- removed_minus_kept: `figures\guard_v1_removed_minus_kept.png`

## 单规则与组合规则总表

| rule | family | ann | 30bps_ann | mdd | ex08_mdd | 2016_18_ann | 2016_18_mdd | sell_fail | forced_pnl | median_hold | median_amt20 |
| --- | --- | --- | --- | --- | --- | --- | --- | --- | --- | --- | --- |
| baseline | baseline | 30.72% | 27.27% | -66.97% | -56.75% | -15.78% | -56.75% | 11.83% | -0.1271 | 100.0000 | 34,549,557.8875 |
| amount20 >= 20m | amount | 24.07% | 20.27% | -70.36% | -59.89% | -17.66% | -59.89% | 9.19% | -0.1155 | 100.0000 | 44,154,530.0400 |
| amount20 >= 50m | amount | 13.89% | 10.12% | -67.89% | -67.89% | -23.54% | -65.69% | 8.47% | -0.1537 | 100.0000 | 78,636,849.9521 |
| amount20 >= 100m | amount | 3.80% | 0.67% | -77.19% | -77.19% | -30.01% | -71.73% | 10.33% | -0.3852 | 98.0000 | 142,335,819.4940 |
| amount60 >= 50m | amount | 16.16% | 13.28% | -67.09% | -67.09% | -22.81% | -65.37% | 11.05% | -0.1676 | 100.0000 | 73,875,456.0250 |
| amount20/60 >= 0.50 | decay | 30.09% | 26.29% | -67.83% | -58.59% | -16.40% | -58.59% | 10.89% | -0.1314 | 100.0000 | 35,868,459.3663 |
| amount20/60 >= 0.70 | decay | 27.50% | 22.91% | -71.16% | -59.52% | -18.01% | -59.52% | 8.93% | -0.2015 | 100.0000 | 39,784,048.4490 |
| no-bar20 = 0 | state | 30.43% | 26.52% | -68.13% | -57.12% | -16.45% | -57.12% | 10.86% | -0.1565 | 100.0000 | 34,549,557.8875 |
| no-bar60 <= 1 | state | 30.26% | 26.81% | -67.58% | -56.98% | -15.41% | -56.98% | 11.79% | -0.0630 | 100.0000 | 33,817,322.6992 |
| cant-sell20 = 0 | state | 26.71% | 22.53% | -74.10% | -56.79% | -17.31% | -56.79% | 9.87% | -0.3400 | 100.0000 | 32,447,226.1353 |
| limit-down20 = 0 | state | 27.12% | 23.31% | -71.40% | -58.24% | -17.33% | -56.45% | 10.84% | -0.3273 | 100.0000 | 32,995,618.0750 |
| one-price20 = 0 | state | 30.94% | 27.46% | -66.87% | -56.79% | -15.99% | -56.79% | 11.76% | -0.1199 | 100.0000 | 34,379,682.5012 |
| guard loose | composite | 21.77% | 17.52% | -66.93% | -61.92% | -20.43% | -61.92% | 8.39% | -0.2881 | 100.0000 | 45,106,142.1608 |
| guard balanced | composite | 13.76% | 9.61% | -67.44% | -67.44% | -24.04% | -65.35% | 8.17% | -0.2291 | 100.0000 | 80,768,119.5116 |
| guard strict | composite | -1.05% | -4.01% | -84.35% | -84.35% | -32.47% | -67.79% | 8.13% | -0.5552 | 82.0000 | 141,234,511.2377 |

## 被删 baseline 名单诊断

这里看的是每月 baseline top100 中被规则删掉的股票，随后一个持有月至下次调仓的理论日均篮子表现。它不是部署回测，只用于判断 veto 有没有删到明显更脏的篮子。

| rule | removed_pct | removed_ann | kept_ann | removed-kept | removed_mdd | kept_mdd |
| --- | --- | --- | --- | --- | --- | --- |
| guard strict | 91.98% | 38.41% | -13.87% | 52.27% | -67.44% | -98.83% |
| amount20 >= 100m | 85.93% | 38.73% | -4.11% | 42.84% | -67.34% | -95.42% |
| guard balanced | 71.59% | 42.77% | 9.02% | 33.75% | -67.52% | -91.71% |
| amount20 >= 50m | 64.27% | 43.46% | 10.60% | 32.86% | -67.39% | -90.49% |
| amount60 >= 50m | 61.25% | 41.60% | 17.99% | 23.62% | -67.44% | -78.54% |
| guard loose | 43.23% | 48.34% | 21.89% | 26.45% | -66.84% | -74.37% |
| amount20 >= 20m | 30.00% | 57.17% | 23.91% | 33.25% | -67.94% | -74.70% |
| amount20/60 >= 0.70 | 26.46% | 30.69% | 31.60% | -0.91% | -68.90% | -71.40% |
| cant-sell20 = 0 | 21.16% | 42.08% | 36.70% | 5.38% | -70.39% | -64.18% |
| limit-down20 = 0 | 13.06% | 28.37% | 32.00% | -3.64% | -74.23% | -71.96% |
| no-bar60 <= 1 | 11.13% | 47.79% | 34.46% | 13.33% | -84.50% | -67.19% |
| no-bar20 = 0 | 10.23% | 42.69% | 35.07% | 7.62% | -82.84% | -67.42% |
| amount20/60 >= 0.50 | 9.12% | 30.55% | 34.52% | -3.97% | -56.35% | -68.31% |
| one-price20 = 0 | 2.59% | 7.01% | 35.18% | -28.17% | -98.37% | -67.07% |

## 风险优先排序

排序口径优先看 ex-2008 MDD 改善、卖出失败率下降、2016-2018 MDD 改善，不优先看年化提高。

| rule | family | ann | 30bps_ann | mdd | ex08_mdd | 2016_18_ann | 2016_18_mdd | sell_fail | forced_pnl | median_hold | median_amt20 |
| --- | --- | --- | --- | --- | --- | --- | --- | --- | --- | --- | --- |
| cant-sell20 = 0 | state | 26.71% | 22.53% | -74.10% | -56.79% | -17.31% | -56.79% | 9.87% | -0.3400 | 100.0000 | 32,447,226.1353 |
| one-price20 = 0 | state | 30.94% | 27.46% | -66.87% | -56.79% | -15.99% | -56.79% | 11.76% | -0.1199 | 100.0000 | 34,379,682.5012 |
| no-bar60 <= 1 | state | 30.26% | 26.81% | -67.58% | -56.98% | -15.41% | -56.98% | 11.79% | -0.0630 | 100.0000 | 33,817,322.6992 |
| no-bar20 = 0 | state | 30.43% | 26.52% | -68.13% | -57.12% | -16.45% | -57.12% | 10.86% | -0.1565 | 100.0000 | 34,549,557.8875 |
| limit-down20 = 0 | state | 27.12% | 23.31% | -71.40% | -58.24% | -17.33% | -56.45% | 10.84% | -0.3273 | 100.0000 | 32,995,618.0750 |
| amount20/60 >= 0.50 | decay | 30.09% | 26.29% | -67.83% | -58.59% | -16.40% | -58.59% | 10.89% | -0.1314 | 100.0000 | 35,868,459.3663 |

## Composite Guard 阶段表现

| rule | family | ann | 30bps_ann | mdd | ex08_mdd | 2016_18_ann | 2016_18_mdd | sell_fail | forced_pnl | median_hold | median_amt20 |
| --- | --- | --- | --- | --- | --- | --- | --- | --- | --- | --- | --- |
| guard loose | composite | 21.77% | 17.52% | -66.93% | -61.92% | -20.43% | -61.92% | 8.39% | -0.2881 | 100.0000 | 45,106,142.1608 |
| guard balanced | composite | 13.76% | 9.61% | -67.44% | -67.44% | -24.04% | -65.35% | 8.17% | -0.2291 | 100.0000 | 80,768,119.5116 |
| guard strict | composite | -1.05% | -4.01% | -84.35% | -84.35% | -32.47% | -67.79% | 8.13% | -0.5552 | 82.0000 | 141,234,511.2377 |

## 关键阶段复核

| rule | period | ann | cum_ret | mdd | worst12m |
| --- | --- | --- | --- | --- | --- |
| baseline | full_sample | 30.72% | 8019.42% | -66.97% | -59.36% |
| baseline | ex_2008 | 36.01% | 15489.10% | -56.75% | -45.32% |
| baseline | 2008 | -40.29% | -47.92% | -66.97% | n/a |
| baseline | 2014-2015 | 121.01% | 314.50% | -44.79% | 61.28% |
| baseline | 2016-2018 | -15.78% | -46.30% | -56.75% | -45.32% |
| baseline | 2022-2025 | 24.66% | 95.16% | -43.94% | -33.98% |
| guard loose | full_sample | 21.77% | 2018.58% | -66.93% | -61.46% |
| guard loose | ex_2008 | 28.42% | 5374.64% | -61.92% | -50.90% |
| guard loose | 2008 | -57.45% | -61.30% | -66.93% | n/a |
| guard loose | 2014-2015 | 105.96% | 271.67% | -42.68% | 50.30% |
| guard loose | 2016-2018 | -20.43% | -54.53% | -61.92% | -50.90% |
| guard loose | 2022-2025 | 23.38% | 86.40% | -44.65% | -38.13% |
| guard balanced | full_sample | 13.76% | 452.84% | -67.44% | -53.37% |
| guard balanced | ex_2008 | 17.43% | 857.84% | -67.44% | -53.37% |
| guard balanced | 2008 | -39.18% | -42.28% | -50.47% | n/a |
| guard balanced | 2014-2015 | 93.99% | 218.74% | -45.37% | 30.58% |
| guard balanced | 2016-2018 | -24.04% | -60.56% | -65.35% | -53.37% |
| guard balanced | 2022-2025 | 21.78% | 75.71% | -42.50% | -35.16% |
| guard strict | full_sample | -1.05% | -54.40% | -84.35% | -50.09% |
| guard strict | ex_2008 | -0.90% | -52.48% | -84.35% | -50.09% |
| guard strict | 2008 | -4.08% | -4.03% | -5.32% | n/a |
| guard strict | 2014-2015 | 51.93% | 108.92% | -41.48% | 6.76% |
| guard strict | 2016-2018 | -32.47% | -70.69% | -67.79% | -50.09% |
| guard strict | 2022-2025 | 10.51% | 19.30% | -44.89% | -36.18% |

## 初步解释

1. 这一步不是为了找更高年化，而是为了确认哪些硬规则真的在减少 forced-state 风险。
2. 如果单一流动性门槛显著降低 sell fail / 2016-2018 MDD，但大幅牺牲年化，它更适合做部署底线，不适合作为 alpha 排序。
3. 如果 no-bar / limit-down 类状态规则收益损伤小、风险改善明确，它们优先级高于财务类 hard negative screen。
4. 如果 strict composite 把回撤改善做出来但把 median holdings 或 gross return 打穿，下一步应该退回 loose/balanced，而不是继续加规则。

## 输出文件

- `tables/guard_summary.csv`
- `tables/guard_removal_diagnostic.csv`
- `tables/guard_period_summary.csv`
- `tables/guard_daily_returns.csv`
- `tables/guard_rebalance_audit.csv`
